Book_ID,Title,Author,Genre,Published_Year,Price,Stock
1,Configurable modular throughput,Joseph Crane,Biography,1949,21.34,100
2,Persevering reciprocal knowledge user,Mario Moore,Fantasy,1971,35.8,19
3,Streamlined coherent initiative,Derrick Howard,Non-Fiction,1913,15.75,27
4,Customizable 24hour product,Christopher Andrews,Fiction,2020,43.52,8
5,Adaptive Sthgeneration encoding,Juan Miller,Fantasy,1956,10.95,16
6,Advanced encompassing implementation,Bryan Morgan,Biography,1985,6.56,2
7,Open-architected exuding structure,Jacqueline Young,Romance,1927,43.63,95
8,Persistent local encoding,Troy Cox,Science Fiction,2019,48.99,84
9,Optimized interactive challenge,Colin Buckley,Fantasy,1987,14.33,70
10,Ergonomic national hub,Samantha Ruiz,Mystery,2015,24.63,25
11,Secured zero tolerance time-frame,Denise Barnes,Fantasy,1998,35.95,10
12,Polarized optimal array,Destiny Scott,Non-Fiction,1989,27.43,63
13,Adaptive Sthgeneration orchestration,Jaclyn Miller,Romance,1913,14.04,99
14,Re-engineered demand-driven parallelism,Jeremy Hayes,Science Fiction,1933,6.04,95
15,User-friendly motivating strategy,Keith Smith,Non-Fiction,1997,23.83,58
16,Vision-oriented tangible project,Christopher Price,Mystery,1941,10.07,8
17,Reduced secondary core,Benjamin Peters,Fantasy,1966,5.37,45
18,Adaptive sthgeneration concept,Hector Palmer,Non-Fiction,2021,39.47,32
19,Progressive asymmetric Internet solution,Sean Miller,Science Fiction,1990,11.31,1
20,Face-to-face systematic throughput,Teresa Brennan,Non-Fiction,1978,48.13,64
21,Down-sized static interface,Todd Brown,Biography,1925,47.13,87
